; FBX 6.1.0 project file
; Copyright (C) 1997-2010 Autodesk Inc. and/or its licensors.
; All rights reserved.
; ----------------------------------------------------

FBXHeaderExtension:  {
	FBXHeaderVersion: 1003
	FBXVersion: 6100
	CreationTimeStamp:  {
		Version: 1000
		Year: 2018
		Month: 7
		Day: 9
		Hour: 2
		Minute: 18
		Second: 36
		Millisecond: 136
	}
	Creator: "FBX SDK/FBX Plugins version 2015.0"
}

; Document Description
;------------------------------------------------------------------

Document:  {
	Name: ""
}

; Document References
;------------------------------------------------------------------

References:  {
}

; Object definitions
;------------------------------------------------------------------

Definitions:  {
	Version: 100
	Count: 7
	ObjectType: "Model" {
		Count: 2
	}
	ObjectType: "Material" {
		Count: 1
	}
	ObjectType: "Texture" {
		Count: 1
	}
	ObjectType: "Video" {
		Count: 1
	}
	ObjectType: "SceneInfo" {
		Count: 1
	}
	ObjectType: "GlobalSettings" {
		Count: 1
	}
}

; Object properties
;------------------------------------------------------------------

Objects:  {
	Model: "Model::Box52", "Mesh" {
		Version: 232
		Properties60:  {
			Property: "QuaternionInterpolate", "enum", "",0
			Property: "RotationOffset", "Vector3D", "",0,0,0
			Property: "RotationPivot", "Vector3D", "",0,0,0
			Property: "ScalingOffset", "Vector3D", "",0,0,0
			Property: "ScalingPivot", "Vector3D", "",0,0,0
			Property: "TranslationActive", "bool", "",0
			Property: "TranslationMin", "Vector3D", "",0,0,0
			Property: "TranslationMax", "Vector3D", "",0,0,0
			Property: "TranslationMinX", "bool", "",0
			Property: "TranslationMinY", "bool", "",0
			Property: "TranslationMinZ", "bool", "",0
			Property: "TranslationMaxX", "bool", "",0
			Property: "TranslationMaxY", "bool", "",0
			Property: "TranslationMaxZ", "bool", "",0
			Property: "RotationOrder", "enum", "",0
			Property: "RotationSpaceForLimitOnly", "bool", "",0
			Property: "RotationStiffnessX", "double", "",0
			Property: "RotationStiffnessY", "double", "",0
			Property: "RotationStiffnessZ", "double", "",0
			Property: "AxisLen", "double", "",10
			Property: "PreRotation", "Vector3D", "",-90,-0,0
			Property: "PostRotation", "Vector3D", "",0,0,0
			Property: "RotationActive", "bool", "",1
			Property: "RotationMin", "Vector3D", "",0,0,0
			Property: "RotationMax", "Vector3D", "",0,0,0
			Property: "RotationMinX", "bool", "",0
			Property: "RotationMinY", "bool", "",0
			Property: "RotationMinZ", "bool", "",0
			Property: "RotationMaxX", "bool", "",0
			Property: "RotationMaxY", "bool", "",0
			Property: "RotationMaxZ", "bool", "",0
			Property: "InheritType", "enum", "",1
			Property: "ScalingActive", "bool", "",0
			Property: "ScalingMin", "Vector3D", "",0,0,0
			Property: "ScalingMax", "Vector3D", "",0,0,0
			Property: "ScalingMinX", "bool", "",0
			Property: "ScalingMinY", "bool", "",0
			Property: "ScalingMinZ", "bool", "",0
			Property: "ScalingMaxX", "bool", "",0
			Property: "ScalingMaxY", "bool", "",0
			Property: "ScalingMaxZ", "bool", "",0
			Property: "GeometricTranslation", "Vector3D", "",0,0,0
			Property: "GeometricRotation", "Vector3D", "",0,0,0
			Property: "GeometricScaling", "Vector3D", "",1,1,1
			Property: "MinDampRangeX", "double", "",0
			Property: "MinDampRangeY", "double", "",0
			Property: "MinDampRangeZ", "double", "",0
			Property: "MaxDampRangeX", "double", "",0
			Property: "MaxDampRangeY", "double", "",0
			Property: "MaxDampRangeZ", "double", "",0
			Property: "MinDampStrengthX", "double", "",0
			Property: "MinDampStrengthY", "double", "",0
			Property: "MinDampStrengthZ", "double", "",0
			Property: "MaxDampStrengthX", "double", "",0
			Property: "MaxDampStrengthY", "double", "",0
			Property: "MaxDampStrengthZ", "double", "",0
			Property: "PreferedAngleX", "double", "",0
			Property: "PreferedAngleY", "double", "",0
			Property: "PreferedAngleZ", "double", "",0
			Property: "LookAtProperty", "object", ""
			Property: "UpVectorProperty", "object", ""
			Property: "Show", "bool", "",1
			Property: "NegativePercentShapeSupport", "bool", "",1
			Property: "DefaultAttributeIndex", "int", "",0
			Property: "Freeze", "bool", "",0
			Property: "LODBox", "bool", "",0
			Property: "Lcl Translation", "Lcl Translation", "A+",14.3370208740234,347.064453125,-18.5266494750977
			Property: "Lcl Rotation", "Lcl Rotation", "A",0,0,0
			Property: "Lcl Scaling", "Lcl Scaling", "A",1,1.85566341876984,1
			Property: "Visibility", "Visibility", "A",1
			Property: "MaxHandle", "int", "UH",74
			Property: "Color", "ColorRGB", "N",0.694117647058824,0.580392156862745,0.101960784313725
			Property: "BBoxMin", "Vector3D", "N",0,0,0
			Property: "BBoxMax", "Vector3D", "N",0,0,0
			Property: "Primary Visibility", "bool", "N",1
			Property: "Casts Shadows", "bool", "N",1
			Property: "Receive Shadows", "bool", "N",1
		}
		MultiLayer: 0
		MultiTake: 0
		Shading: T
		Culling: "CullingOff"
		Vertices: -232.913345336914,-6.72453260421753,0,232.913345336914,-6.72453260421753,0,-232.913345336914,6.72453260421753,0,232.913345336914
        ,6.72453260421753,0,-232.913345336914,-6.72453260421753,3.76573848724365,232.913345336914,-6.72453260421753,3.76573848724365
        ,-232.913345336914,6.72453260421753,3.76573848724365,232.913345336914,6.72453260421753,3.76573848724365,-300.259429931641
        ,-64.7104339599609,-347.064453125,301.740570068359,-64.7104339599609,-347.064453125,-300.259429931641,60.3122367858887
        ,-347.064453125,301.740570068359,60.3122367858887,-347.064453125,-300.259429931641,-64.7104339599609,-3.064453125
        ,301.740570068359,-64.7104339599609,-3.064453125,-300.259429931641,60.3122367858887,-3.064453125,301.740570068359
        ,60.3122367858887,-3.064453125,-310.259429931641,60.3122367858887,-347.064453125,-310.259429931641,-64.7104339599609
        ,-347.064453125,-310.259429931641,-64.7104339599609,-3.064453125,-310.259429931641,60.3122367858887,-3.064453125,-300.259429931641
        ,60.6932907104492,-347.771545410156,-300.259429931641,-65.0914916992188,-347.771545410156,-300.259429931641,-65.0914916992188
        ,-2.35736083984375,-300.259429931641,60.6932907104492,-2.35736083984375,-310.259429931641,-65.0914916992188,-347.771545410156
        ,-310.259429931641,60.6932907104492,-347.771545410156,-310.259429931641,60.6932907104492,-2.35736083984375,-310.259429931641
        ,-65.0914916992188,-2.35736083984375,-310.259429931641,59.7733459472656,-346.064453125,-310.259429931641,-64.1715469360352
        ,-346.064453125,-310.259429931641,-64.1715469360352,-4.064453125,-310.259429931641,59.7733459472656,-4.064453125,-309.259429931641
        ,59.7733459472656,-346.064453125,-309.259429931641,-64.1715469360352,-346.064453125,-309.259429931641,-64.1715469360352
        ,-4.064453125,-309.259429931641,59.7733459472656,-4.064453125,303.350555419922,-61.0298118591309,-340.234466552734
        ,303.350555419922,56.6316108703613,-340.234466552734,303.350555419922,56.6316108703613,-9.89443969726563,303.350555419922
        ,-61.0298118591309,-9.89443969726563,-293.337066650391,52.8350982666016,-184.1083984375,-293.337097167969,-35.6018104553223
        ,-184.108413696289,-293.337097167969,52.8350944519043,-20.6676712036133,-293.337127685547,-35.6018142700195,-20.6676750183105
        ,-319.783386230469,52.8351020812988,-184.108413696289,-319.783416748047,-35.6018104553223,-184.108428955078,-319.783386230469
        ,52.8350982666016,-20.6676692962646,-319.783416748047,-35.6018142700195,-20.6676731109619,-312.242706298828,43.4517555236816
        ,-166.696075439453,-312.242736816406,-26.2184658050537,-166.696090698242,-312.242736816406,-26.2184734344482,-38.0800018310547
        ,-312.242706298828,43.4517517089844,-38.0799980163574,-312.742706298828,38.0628471374512,-156.696075439453,-312.742736816406
        ,-20.8295574188232,-156.696090698242,-312.742736816406,-20.8295631408691,-48.0800018310547,-312.742706298828,38.0628433227539
        ,-48.0799980163574,-313.242706298828,28.4167003631592,-138.796081542969,-313.242736816406,-11.1834125518799,-138.796081542969
        ,-313.242736816406,-11.1834163665771,-65.9800033569336,-313.242736816406,28.4166965484619,-65.9799957275391,-313.742736816406
        ,18.7705535888672,-120.896087646484,-313.742736816406,-1.53726840019226,-120.896087646484,-313.742736816406,-1.53727030754089
        ,-83.879997253418,-313.742736816406,18.7705516815186,-83.879997253418,-318.761047363281,-40.3768424987793,-27.0686340332031
        ,-318.761047363281,-43.6101875305176,-27.0686340332031,-318.761047363281,-40.3768424987793,-21.0686340332031,-318.761047363281
        ,-43.6101875305176,-21.0686340332031,-299.831756591797,-40.3768424987793,-27.0686321258545,-299.831756591797,-43.6101875305176
        ,-27.0686340332031,-299.831756591797,-40.3768424987793,-21.0686321258545,-299.831756591797,-43.6101875305176,-21.0686340332031
        ,-318.761047363281,-40.3768424987793,-40.8534851074219,-318.761047363281,-43.6101875305176,-40.8534851074219,-318.761047363281
        ,-40.3768424987793,-34.8534851074219,-318.761047363281,-43.6101875305176,-34.8534851074219,-299.831756591797,-40.3768424987793
        ,-40.8534851074219,-299.831756591797,-43.6101875305176,-40.8534851074219,-299.831756591797,-40.3768424987793,-34.8534851074219
        ,-299.831756591797,-43.6101875305176,-34.8534851074219,-318.761047363281,-40.3768424987793,-54.6383361816406,-318.761047363281
        ,-43.6101875305176,-54.6383361816406,-318.761047363281,-40.3768424987793,-48.6383361816406,-318.761047363281,-43.6101875305176
        ,-48.6383361816406,-299.831756591797,-40.3768424987793,-54.6383361816406,-299.831756591797,-43.6101875305176,-54.6383361816406
        ,-299.831756591797,-40.3768424987793,-48.6383361816406,-299.831756591797,-43.6101875305176,-48.6383361816406,-318.761047363281
        ,-40.3768424987793,-68.4231872558594,-318.761047363281,-43.6101875305176,-68.4231872558594,-318.761047363281,-40.3768424987793
        ,-62.4231872558594,-318.761047363281,-43.6101875305176,-62.4231872558594,-299.831756591797,-40.3768424987793,-68.4231872558594
        ,-299.831756591797,-43.6101875305176,-68.4231872558594,-299.831756591797,-40.3768424987793,-62.4231872558594,-299.831756591797
        ,-43.6101875305176,-62.4231872558594,-318.761047363281,-40.3768424987793,-82.2080383300781,-318.761047363281,-43.6101875305176
        ,-82.2080383300781,-318.761047363281,-40.3768424987793,-76.2080383300781,-318.761047363281,-43.6101875305176,-76.2080383300781
        ,-299.831756591797,-40.3768424987793,-82.2080383300781,-299.831756591797,-43.6101875305176,-82.2080383300781,-299.831756591797
        ,-40.3768424987793,-76.2080383300781,-299.831756591797,-43.6101875305176,-76.2080383300781,-318.761047363281,-40.376838684082
        ,-120.451354980469,-318.761047363281,-43.6101837158203,-120.451354980469,-318.761047363281,-40.376838684082,-114.451354980469
        ,-318.761047363281,-43.6101837158203,-114.451354980469,-299.831756591797,-40.376838684082,-120.451354980469,-299.831756591797
        ,-43.6101837158203,-120.451354980469,-299.831756591797,-40.376838684082,-114.451354980469,-299.831756591797,-43.6101837158203
        ,-114.451354980469,-318.761047363281,-40.376838684082,-134.236206054688,-318.761047363281,-43.6101837158203,-134.236206054688
        ,-318.761047363281,-40.376838684082,-128.236206054688,-318.761047363281,-43.6101837158203,-128.236206054688,-299.831756591797
        ,-40.376838684082,-134.236206054688,-299.831756591797,-43.6101837158203,-134.236206054688,-299.831756591797,-40.376838684082
        ,-128.236206054688,-299.831756591797,-43.6101837158203,-128.236206054688,-319.758453369141,-56.9030303955078,-17.2743549346924
        ,-310.493011474609,-56.9030303955078,-24.5165386199951,-319.758453369141,-54.7474670410156,-17.2743549346924,-310.493011474609
        ,-54.7474670410156,-24.5165386199951,-317.295135498047,-56.9030303955078,-14.1228446960449,-308.029693603516,-56.9030303955078
        ,-21.3650283813477,-317.295135498047,-54.7474670410156,-14.1228446960449,-308.029693603516,-54.7474670410156,-21.3650283813477
        ,-301.313720703125,57.0294990539551,-339.313873291016,-301.313720703125,19.3071422576904,-339.313873291016,-301.313720703125
        ,57.0294990539551,-189.313873291016,-301.313720703125,19.3071384429932,-189.313873291016,-315.970306396484,57.0295028686523
        ,-339.313873291016,-315.970336914063,19.3071441650391,-339.313873291016,-315.970336914063,57.0294990539551,-189.313873291016
        ,-315.970336914063,19.3071403503418,-189.313873291016,-318.761047363281,-40.376838684082,-106.66650390625,-318.761047363281
        ,-43.6101837158203,-106.66650390625,-318.761047363281,-40.376838684082,-100.66650390625,-318.761047363281,-43.6101837158203
        ,-100.66650390625,-299.831756591797,-40.376838684082,-106.66650390625,-299.831756591797,-43.6101837158203,-106.66650390625
        ,-299.831756591797,-40.376838684082,-100.66650390625,-299.831756591797,-43.6101837158203,-100.66650390625,-318.761047363281
        ,-40.376838684082,-182.881530761719,-318.761047363281,-43.6101837158203,-182.881530761719,-318.761047363281,-40.376838684082
        ,-176.881530761719,-318.761047363281,-43.6101837158203,-176.881530761719,-299.831756591797,-40.376838684082,-182.881530761719
        ,-299.831756591797,-43.6101837158203,-182.881530761719,-299.831756591797,-40.376838684082,-176.881530761719,-299.831756591797
        ,-43.6101837158203,-176.881530761719,-318.761047363281,-40.376838684082,-155.311828613281,-318.761047363281,-43.6101837158203
        ,-155.311828613281,-318.761047363281,-40.376838684082,-149.311828613281,-318.761047363281,-43.6101837158203,-149.311828613281
        ,-299.831756591797,-40.376838684082,-155.311828613281,-299.831756591797,-43.6101837158203,-155.311828613281,-299.831756591797
        ,-40.376838684082,-149.311828613281,-299.831756591797,-43.6101837158203,-149.311828613281,-318.761047363281,-40.376838684082
        ,-169.0966796875,-318.761047363281,-43.6101837158203,-169.0966796875,-318.761047363281,-40.376838684082,-163.0966796875
        ,-318.761047363281,-43.6101837158203,-163.0966796875,-299.831756591797,-40.376838684082,-169.0966796875,-299.831756591797
        ,-43.6101837158203,-169.0966796875,-299.831756591797,-40.376838684082,-163.0966796875,-299.831756591797,-43.6101837158203
        ,-163.0966796875,-301.313720703125,16.8289890289307,-339.313873291016,-301.313720703125,-20.8933696746826,-339.313873291016
        ,-301.313720703125,16.8289852142334,-189.313873291016,-301.313720703125,-20.8933734893799,-189.313873291016,-315.970306396484
        ,16.8289890289307,-339.313873291016,-315.970336914063,-20.8933696746826,-339.313873291016,-315.970336914063,16.828987121582
        ,-189.313873291016,-315.970336914063,-20.8933715820313,-189.313873291016,-301.313720703125,-23.3715229034424,-339.313873291016
        ,-301.313720703125,-61.0938835144043,-339.313873291016,-301.313720703125,-23.3715267181396,-189.313873291016,-301.313720703125
        ,-61.0938835144043,-189.313873291016,-315.970306396484,-23.3715209960938,-339.313873291016,-315.970336914063,-61.093879699707
        ,-339.313873291016,-315.970336914063,-23.371524810791,-189.313873291016,-315.970336914063,-61.0938835144043,-189.313873291016
        ,-325.572875976563,25.8944435119629,-254.03547668457,-325.572875976563,22.6610984802246,-254.03547668457,-325.572875976563
        ,25.8944435119629,-248.03547668457,-325.572875976563,22.6610984802246,-248.03547668457,-306.643585205078,25.8944416046143
        ,-254.03547668457,-306.643585205078,22.661096572876,-254.03547668457,-306.643585205078,25.8944416046143,-248.03547668457
        ,-306.643585205078,22.661096572876,-248.03547668457,-325.572875976563,25.8944435119629,-267.8203125,-325.572875976563
        ,22.6610984802246,-267.8203125,-325.572875976563,25.8944435119629,-261.8203125,-325.572875976563,22.6610984802246
        ,-261.8203125,-306.643585205078,25.8944416046143,-267.8203125,-306.643585205078,22.661096572876,-267.8203125,-306.643585205078
        ,25.8944416046143,-261.8203125,-306.643585205078,22.661096572876,-261.8203125,-325.572875976563,25.8944435119629,-281.605163574219
        ,-325.572875976563,22.6610984802246,-281.605163574219,-325.572875976563,25.8944435119629,-275.605163574219,-325.572875976563
        ,22.6610984802246,-275.605163574219,-306.643585205078,25.8944416046143,-281.605163574219,-306.643585205078,22.661096572876
        ,-281.605163574219,-306.643585205078,25.8944416046143,-275.605163574219,-306.643585205078,22.661096572876,-275.605163574219
        ,-325.572875976563,25.8944435119629,-295.390045166016,-325.572875976563,22.6610984802246,-295.390045166016,-325.572875976563
        ,25.8944435119629,-289.390045166016,-325.572875976563,22.6610984802246,-289.390045166016,-306.643585205078,25.8944416046143
        ,-295.390045166016,-306.643585205078,22.661096572876,-295.390045166016,-306.643585205078,25.8944416046143,-289.390045166016
        ,-306.643585205078,22.661096572876,-289.390045166016,-325.572875976563,25.8944435119629,-240.250625610352,-325.572875976563
        ,22.6610984802246,-240.250625610352,-325.572875976563,25.8944435119629,-234.250625610352,-325.572875976563,22.6610984802246
        ,-234.250625610352,-306.643585205078,25.8944416046143,-240.250625610352,-306.643585205078,22.661096572876,-240.250625610352
        ,-306.643585205078,25.8944416046143,-234.250625610352,-306.643585205078,22.661096572876,-234.250625610352,-325.572875976563
        ,-14.2605171203613,-254.03547668457,-325.572875976563,-17.4938621520996,-254.03547668457,-325.572875976563,-14.2605171203613
        ,-248.03547668457,-325.572875976563,-17.4938621520996,-248.03547668457,-306.643585205078,-14.26051902771,-254.03547668457
        ,-306.643585205078,-17.4938640594482,-254.03547668457,-306.643585205078,-14.26051902771,-248.03547668457,-306.643585205078
        ,-17.4938640594482,-248.03547668457,-325.572875976563,-14.2605171203613,-267.8203125,-325.572875976563,-17.4938621520996
        ,-267.8203125,-325.572875976563,-14.2605171203613,-261.8203125,-325.572875976563,-17.4938621520996,-261.8203125,-306.643585205078
        ,-14.26051902771,-267.8203125,-306.643585205078,-17.4938640594482,-267.8203125,-306.643585205078,-14.26051902771,-261.8203125
        ,-306.643585205078,-17.4938640594482,-261.8203125,-325.572875976563,-14.2605171203613,-281.605163574219,-325.572875976563
        ,-17.4938621520996,-281.605163574219,-325.572875976563,-14.2605171203613,-275.605163574219,-325.572875976563,-17.4938621520996
        ,-275.605163574219,-306.643585205078,-14.26051902771,-281.605163574219,-306.643585205078,-17.4938640594482,-281.605163574219
        ,-306.643585205078,-14.26051902771,-275.605163574219,-306.643585205078,-17.4938640594482,-275.605163574219,-325.572875976563
        ,-14.2605171203613,-295.390045166016,-325.572875976563,-17.4938621520996,-295.390045166016,-325.572875976563,-14.2605171203613
        ,-289.390045166016,-325.572875976563,-17.4938621520996,-289.390045166016,-306.643585205078,-14.26051902771,-295.390045166016
        ,-306.643585205078,-17.4938640594482,-295.390045166016,-306.643585205078,-14.26051902771,-289.390045166016,-306.643585205078
        ,-17.4938640594482,-289.390045166016,-325.572875976563,-14.2605171203613,-240.250625610352,-325.572875976563,-17.4938621520996
        ,-240.250625610352,-325.572875976563,-14.2605171203613,-234.250625610352,-325.572875976563,-17.4938621520996,-234.250625610352
        ,-306.643585205078,-14.26051902771,-240.250625610352,-306.643585205078,-17.4938640594482,-240.250625610352,-306.643585205078
        ,-14.26051902771,-234.250625610352,-306.643585205078,-17.4938640594482,-234.250625610352,-325.572875976563,-54.4154815673828
        ,-254.03547668457,-325.572875976563,-57.6488265991211,-254.03547668457,-325.572875976563,-54.4154815673828,-248.03547668457
        ,-325.572875976563,-57.6488265991211,-248.03547668457,-306.643585205078,-54.4154815673828,-254.03547668457,-306.643585205078
        ,-57.6488265991211,-254.03547668457,-306.643585205078,-54.4154815673828,-248.03547668457,-306.643585205078,-57.6488265991211
        ,-248.03547668457,-325.572875976563,-54.4154815673828,-267.8203125,-325.572875976563,-57.6488265991211,-267.8203125
        ,-325.572875976563,-54.4154815673828,-261.8203125,-325.572875976563,-57.6488265991211,-261.8203125,-306.643585205078
        ,-54.4154815673828,-267.8203125,-306.643585205078,-57.6488265991211,-267.8203125,-306.643585205078,-54.4154815673828
        ,-261.8203125,-306.643585205078,-57.6488265991211,-261.8203125,-325.572875976563,-54.4154815673828,-281.605163574219
        ,-325.572875976563,-57.6488265991211,-281.605163574219,-325.572875976563,-54.4154815673828,-275.605163574219,-325.572875976563
        ,-57.6488265991211,-275.605163574219,-306.643585205078,-54.4154815673828,-281.605163574219,-306.643585205078,-57.6488265991211
        ,-281.605163574219,-306.643585205078,-54.4154815673828,-275.605163574219,-306.643585205078,-57.6488265991211,-275.605163574219
        ,-325.572875976563,-54.4154815673828,-295.390045166016,-325.572875976563,-57.6488265991211,-295.390045166016,-325.572875976563
        ,-54.4154815673828,-289.390045166016,-325.572875976563,-57.6488265991211,-289.390045166016,-306.643585205078,-54.4154815673828
        ,-295.390045166016,-306.643585205078,-57.6488265991211,-295.390045166016,-306.643585205078,-54.4154815673828,-289.390045166016
        ,-306.643585205078,-57.6488265991211,-289.390045166016,-325.572875976563,-54.4154815673828,-240.250625610352,-325.572875976563
        ,-57.6488265991211,-240.250625610352,-325.572875976563,-54.4154815673828,-234.250625610352,-325.572875976563,-57.6488265991211
        ,-234.250625610352,-306.643585205078,-54.4154815673828,-240.250625610352,-306.643585205078,-57.6488265991211,-240.250625610352
        ,-306.643585205078,-54.4154815673828,-234.250625610352,-306.643585205078,-57.6488265991211,-234.250625610352,-325.572875976563
        ,-41.4406089782715,-254.03547668457,-325.572875976563,-44.6739540100098,-254.03547668457,-325.572875976563,-41.4406089782715
        ,-248.03547668457,-325.572875976563,-44.6739540100098,-248.03547668457,-306.643585205078,-41.4406089782715,-254.03547668457
        ,-306.643585205078,-44.6739540100098,-254.03547668457,-306.643585205078,-41.4406089782715,-248.03547668457,-306.643585205078
        ,-44.6739540100098,-248.03547668457,-325.572875976563,-41.4406089782715,-267.8203125,-325.572875976563,-44.6739540100098
        ,-267.8203125,-325.572875976563,-41.4406089782715,-261.8203125,-325.572875976563,-44.6739540100098,-261.8203125,-306.643585205078
        ,-41.4406089782715,-267.8203125,-306.643585205078,-44.6739540100098,-267.8203125,-306.643585205078,-41.4406089782715
        ,-261.8203125,-306.643585205078,-44.6739540100098,-261.8203125,-325.572875976563,-41.4406089782715,-281.605163574219
        ,-325.572875976563,-44.6739540100098,-281.605163574219,-325.572875976563,-41.4406089782715,-275.605163574219,-325.572875976563
        ,-44.6739540100098,-275.605163574219,-306.643585205078,-41.4406089782715,-281.605163574219,-306.643585205078,-44.6739540100098
        ,-281.605163574219,-306.643585205078,-41.4406089782715,-275.605163574219,-306.643585205078,-44.6739540100098,-275.605163574219
        ,-325.572875976563,-41.4406089782715,-295.390045166016,-325.572875976563,-44.6739540100098,-295.390045166016,-325.572875976563
        ,-41.4406089782715,-289.390045166016,-325.572875976563,-44.6739540100098,-289.390045166016,-306.643585205078,-41.4406089782715
        ,-295.390045166016,-306.643585205078,-44.6739540100098,-295.390045166016,-306.643585205078,-41.4406089782715,-289.390045166016
        ,-306.643585205078,-44.6739540100098,-289.390045166016,-325.572875976563,-41.4406089782715,-240.250625610352,-325.572875976563
        ,-44.6739540100098,-240.250625610352,-325.572875976563,-41.4406089782715,-234.250625610352,-325.572875976563,-44.6739540100098
        ,-234.250625610352,-306.643585205078,-41.4406089782715,-240.250625610352,-306.643585205078,-44.6739540100098,-240.250625610352
        ,-306.643585205078,-41.4406089782715,-234.250625610352,-306.643585205078,-44.6739540100098,-234.250625610352,-285.8154296875
        ,57.1011848449707,-362.537872314453,-255.8154296875,57.1011848449707,-362.537872314453,-285.8154296875,57.1011848449707
        ,-347.537872314453,-255.8154296875,57.1011848449707,-347.537872314453,-285.8154296875,51.7122764587402,-362.537872314453
        ,-255.8154296875,51.7122764587402,-362.537872314453,-285.8154296875,51.7122764587402,-347.537872314453,-255.8154296875
        ,51.7122764587402,-347.537872314453,-325.572875976563,-27.545768737793,-267.8203125,-325.572875976563,-30.7791137695313
        ,-267.8203125,-325.572875976563,-27.545768737793,-261.8203125,-325.572875976563,-30.7791137695313,-261.8203125,-306.643585205078
        ,-27.5457706451416,-267.8203125,-306.643585205078,-30.7791156768799,-267.8203125,-306.643585205078,-27.5457706451416
        ,-261.8203125,-306.643585205078,-30.7791156768799,-261.8203125,-325.572875976563,-27.545768737793,-281.605163574219
        ,-325.572875976563,-30.7791137695313,-281.605163574219,-325.572875976563,-27.545768737793,-275.605163574219,-325.572875976563
        ,-30.7791137695313,-275.605163574219,-306.643585205078,-27.5457706451416,-281.605163574219,-306.643585205078,-30.7791156768799
        ,-281.605163574219,-306.643585205078,-27.5457706451416,-275.605163574219,-306.643585205078,-30.7791156768799,-275.605163574219
        ,-325.572875976563,-27.545768737793,-295.390045166016,-325.572875976563,-30.7791137695313,-295.390045166016,-325.572875976563
        ,-27.545768737793,-289.390045166016,-325.572875976563,-30.7791137695313,-289.390045166016,-306.643585205078,-27.5457706451416
        ,-295.390045166016,-306.643585205078,-30.7791156768799,-295.390045166016,-306.643585205078,-27.5457706451416,-289.390045166016
        ,-306.643585205078,-30.7791156768799,-289.390045166016,-325.572875976563,40.2883415222168,-267.8203125,-325.572875976563
        ,37.0549964904785,-267.8203125,-325.572875976563,40.2883415222168,-261.8203125,-325.572875976563,37.0549964904785
        ,-261.8203125,-306.643585205078,40.2883415222168,-267.8203125,-306.643585205078,37.0549964904785,-267.8203125,-306.643585205078
        ,40.2883415222168,-261.8203125,-306.643585205078,37.0549964904785,-261.8203125,-325.572875976563,40.2883415222168
        ,-281.605163574219,-325.572875976563,37.0549964904785,-281.605163574219,-325.572875976563,40.2883415222168,-275.605163574219
        ,-325.572875976563,37.0549964904785,-275.605163574219,-306.643585205078,40.2883415222168,-281.605163574219,-306.643585205078
        ,37.0549964904785,-281.605163574219,-306.643585205078,40.2883415222168,-275.605163574219,-306.643585205078,37.0549964904785
        ,-275.605163574219,-325.572875976563,40.2883415222168,-295.390045166016,-325.572875976563,37.0549964904785,-295.390045166016
        ,-325.572875976563,40.2883415222168,-289.390045166016,-325.572875976563,37.0549964904785,-289.390045166016,-306.643585205078
        ,40.2883415222168,-295.390045166016,-306.643585205078,37.0549964904785,-295.390045166016,-306.643585205078,40.2883415222168
        ,-289.390045166016,-306.643585205078,37.0549964904785,-289.390045166016,-325.572875976563,54.682243347168,-267.8203125
        ,-325.572875976563,51.4488983154297,-267.8203125,-325.572875976563,54.682243347168,-261.8203125,-325.572875976563
        ,51.4488983154297,-261.8203125,-306.643585205078,54.682243347168,-267.8203125,-306.643585205078,51.4488983154297,-267.8203125
        ,-306.643585205078,54.682243347168,-261.8203125,-306.643585205078,51.4488983154297,-261.8203125,-285.486938476563
        ,-9.65200328826904,-4.14089965820313,-231.690673828125,-9.65200328826904,-4.14089965820313,-285.486938476563,8.6360034942627
        ,-4.14089965820313,-231.690673828125,8.6360034942627,-4.14089965820313,-285.486938476563,-9.65200328826904,2.70589733123779
        ,-231.690673828125,-9.65200328826904,4.897629737854,-285.486938476563,8.6360034942627,2.70589733123779,-231.690673828125
        ,8.6360034942627,4.897629737854,-325.572875976563,54.682243347168,-295.390045166016,-325.572875976563,51.4488983154297
        ,-295.390045166016,-325.572875976563,54.682243347168,-289.390045166016,-325.572875976563,51.4488983154297,-289.390045166016
        ,-306.643585205078,54.682243347168,-295.390045166016,-306.643585205078,51.4488983154297,-295.390045166016,-306.643585205078
        ,54.682243347168,-289.390045166016,-306.643585205078,51.4488983154297,-289.390045166016,-285.8154296875,-54.8253059387207
        ,-362.537872314453,-255.8154296875,-54.8253059387207,-362.537872314453,-285.8154296875,-54.8253059387207,-347.537872314453
        ,-255.8154296875,-54.8253059387207,-347.537872314453,-285.8154296875,-60.2142143249512,-362.537872314453,-255.8154296875
        ,-60.2142143249512,-362.537872314453,-285.8154296875,-60.2142143249512,-347.537872314453,-255.8154296875,-60.2142143249512
        ,-347.537872314453,242.695678710938,57.1011848449707,-362.537872314453,272.695678710938,57.1011848449707,-362.537872314453
        ,242.695678710938,57.1011848449707,-347.537872314453,272.695678710938,57.1011848449707,-347.537872314453,242.695678710938
        ,51.7122764587402,-362.537872314453,272.695678710938,51.7122764587402,-362.537872314453,242.695678710938,51.7122764587402
        ,-347.537872314453,272.695678710938,51.7122764587402,-347.537872314453,242.695678710938,-54.8253059387207,-362.537872314453
        ,272.695678710938,-54.8253059387207,-362.537872314453,242.695678710938,-54.8253059387207,-347.537872314453,272.695678710938
        ,-54.8253059387207,-347.537872314453,242.695678710938,-60.2142143249512,-362.537872314453,272.695678710938,-60.2142143249512
        ,-362.537872314453,242.695678710938,-60.2142143249512,-347.537872314453,272.695678710938,-60.2142143249512,-347.537872314453
        ,283.481567382813,8.63600444793701,-4.14089965820313,229.685302734375,8.63600254058838,-4.14089965820313,283.481567382813
        ,-9.65200233459473,-4.14089965820313,229.685317993164,-9.65200424194336,-4.14089965820313,283.481567382813,8.63600444793701
        ,2.70589733123779,229.685302734375,8.63600254058838,4.897629737854,283.481567382813,-9.65200233459473,2.70589733123779
        ,229.685317993164,-9.65200424194336,4.897629737854,-325.572875976563,13.0179719924927,-267.8203125,-325.572875976563
        ,9.78462696075439,-267.8203125,-325.572875976563,13.0179719924927,-261.8203125,-325.572875976563,9.78462696075439
        ,-261.8203125,-306.643585205078,13.017970085144,-267.8203125,-306.643585205078,9.78462505340576,-267.8203125,-306.643585205078
        ,13.017970085144,-261.8203125,-306.643585205078,9.78462505340576,-261.8203125,-325.572875976563,-1.37592899799347
        ,-295.390045166016,-325.572875976563,-4.60927391052246,-295.390045166016,-325.572875976563,-1.37592923641205,-289.390045166016
        ,-325.572875976563,-4.60927438735962,-289.390045166016,-306.643585205078,-1.37593066692352,-295.390045166016,-306.643585205078
        ,-4.60927581787109,-295.390045166016,-306.643585205078,-1.3759309053421,-289.390045166016,-306.643585205078,-4.60927581787109
        ,-289.390045166016,-325.572875976563,-1.37592899799347,-281.605163574219,-325.572875976563,-4.60927391052246,-281.605163574219
        ,-325.572875976563,-1.37592923641205,-275.605163574219,-325.572875976563,-4.60927438735962,-275.605163574219,-306.643585205078
        ,-1.37593066692352,-281.605163574219,-306.643585205078,-4.60927581787109,-281.605163574219,-306.643585205078,-1.3759309053421
        ,-275.605163574219,-306.643585205078,-4.60927581787109,-275.605163574219,-325.572875976563,13.0179719924927,-295.390045166016
        ,-325.572875976563,9.78462696075439,-295.390045166016,-325.572875976563,13.0179719924927,-289.390045166016,-325.572875976563
        ,9.78462696075439,-289.390045166016,-306.643585205078,13.017970085144,-295.390045166016,-306.643585205078,9.78462505340576
        ,-295.390045166016,-306.643585205078,13.017970085144,-289.390045166016,-306.643585205078,9.78462505340576,-289.390045166016
        ,-325.572875976563,-1.37592899799347,-267.8203125,-325.572875976563,-4.60927391052246,-267.8203125,-325.572875976563
        ,-1.37592923641205,-261.8203125,-325.572875976563,-4.60927438735962,-261.8203125,-306.643585205078,-1.37593066692352
        ,-267.8203125,-306.643585205078,-4.60927581787109,-267.8203125,-306.643585205078,-1.3759309053421,-261.8203125,-306.643585205078
        ,-4.60927581787109,-261.8203125,-303.71044921875,-61.1437339782715,-20.7115478515625,-303.71044921875,-60.1145439147949
        ,-14.8336954116821,-303.71044921875,-57.4200897216797,-11.2009830474854,-303.71044921875,-54.0895614624023,-11.2009830474854
        ,-303.71044921875,-51.3951072692871,-14.8336954116821,-303.71044921875,-50.3659172058105,-20.7115478515625,-303.71044921875
        ,-51.3951072692871,-26.5894012451172,-303.71044921875,-54.0895614624023,-30.2221126556396,-303.71044921875,-57.4200897216797
        ,-30.2221126556396,-303.71044921875,-60.1145439147949,-26.5893993377686,-311.71044921875,-61.1437339782715,-20.7115478515625
        ,-311.71044921875,-60.1145439147949,-14.8336963653564,-311.71044921875,-57.4200897216797,-11.2009840011597,-311.71044921875
        ,-54.0895614624023,-11.2009830474854,-311.71044921875,-51.3951072692871,-14.8336954116821,-311.71044921875,-50.3659172058105
        ,-20.7115478515625,-311.71044921875,-51.3951072692871,-26.5894012451172,-311.71044921875,-54.0895614624023,-30.2221145629883
        ,-311.71044921875,-57.4200897216797,-30.2221126556396,-311.71044921875,-60.1145439147949,-26.5893993377686,-303.971557617188
        ,-60.0058708190918,-49.4305114746094,-303.971557617188,-57.8503074645996,-42.5023078918457,-303.971557617188,-53.5391807556152
        ,-42.5023078918457,-303.971557617188,-51.383617401123,-49.4305114746094,-303.971557617188,-53.5391807556152,-56.358715057373
        ,-303.971557617188,-57.8503074645996,-56.358715057373,-324.971557617188,-60.0058708190918,-49.4305114746094,-324.971557617188
        ,-57.8503074645996,-42.5023078918457,-324.971557617188,-53.539176940918,-42.5023078918457,-324.971557617188,-51.383617401123
        ,-49.4305114746094,-324.971557617188,-53.5391807556152,-56.358715057373,-324.971557617188,-57.8503074645996,-56.358715057373
        ,-303.971557617188,-60.0058708190918,-78.2202758789063,-303.971557617188,-57.8503074645996,-71.2920761108398,-303.971557617188
        ,-53.5391807556152,-71.2920761108398,-303.971557617188,-51.383617401123,-78.2202758789063,-303.971557617188,-53.5391807556152
        ,-85.1484756469727,-303.971557617188,-57.8503074645996,-85.1484756469727,-324.971557617188,-60.0058708190918,-78.2202758789063
        ,-324.971557617188,-57.8503074645996,-71.2920761108398,-324.971557617188,-53.539176940918,-71.2920761108398,-324.971557617188
        ,-51.383617401123,-78.2202758789063,-324.971557617188,-53.5391807556152,-85.1484832763672,-324.971557617188,-57.8503074645996
        ,-85.1484832763672,-303.971557617188,-60.0058708190918,-107.010040283203,-303.971557617188,-57.8503074645996,-100.081840515137
        ,-303.971557617188,-53.5391807556152,-100.081840515137,-303.971557617188,-51.383617401123,-107.010040283203,-303.971557617188
        ,-53.5391807556152,-113.93824005127,-303.971557617188,-57.8503074645996,-113.93824005127,-324.971557617188,-60.0058708190918
        ,-107.010040283203,-324.971557617188,-57.8503074645996,-100.081840515137,-324.971557617188,-53.539176940918,-100.081840515137
        ,-324.971557617188,-51.383617401123,-107.010040283203,-324.971557617188,-53.5391807556152,-113.938247680664,-324.971557617188
        ,-57.8503074645996,-113.938247680664,-303.971557617188,-60.0058708190918,-135.7998046875,-303.971557617188,-57.8503074645996
        ,-128.871597290039,-303.971557617188,-53.5391807556152,-128.871597290039,-303.971557617188,-51.383617401123,-135.7998046875
        ,-303.971557617188,-53.5391807556152,-142.728012084961,-303.971557617188,-57.8503074645996,-142.728012084961,-324.971557617188
        ,-60.0058708190918,-135.7998046875,-324.971557617188,-57.8503074645996,-128.871597290039,-324.971557617188,-53.539176940918
        ,-128.871597290039,-324.971557617188,-51.383617401123,-135.7998046875,-324.971557617188,-53.5391807556152,-142.728012084961
        ,-324.971557617188,-57.8503074645996,-142.728012084961,-303.971557617188,-60.0058708190918,-164.589569091797,-303.971557617188
        ,-57.8503074645996,-157.661361694336,-303.971557617188,-53.5391807556152,-157.661361694336,-303.971557617188,-51.383617401123
        ,-164.589569091797,-303.971557617188,-53.5391807556152,-171.517776489258,-303.971557617188,-57.8503074645996,-171.517776489258
        ,-324.971557617188,-60.0058708190918,-164.589569091797,-324.971557617188,-57.8503074645996,-157.661361694336,-324.971557617188
        ,-53.539176940918,-157.661361694336,-324.971557617188,-51.383617401123,-164.589569091797,-324.971557617188,-53.5391807556152
        ,-171.517776489258,-324.971557617188,-57.8503074645996,-171.517776489258,-303.971557617188,-58.5528373718262,-203.007354736328
        ,-303.971557617188,-56.397274017334,-196.079147338867,-303.971557617188,-52.0861473083496,-196.079147338867,-303.971557617188
        ,-49.9305839538574,-203.007354736328,-303.971557617188,-52.0861473083496,-209.935562133789,-303.971557617188,-56.397274017334
        ,-209.935562133789,-324.971557617188,-58.5528373718262,-203.007354736328,-324.971557617188,-56.397274017334,-196.079147338867
        ,-324.971557617188,-52.0861434936523,-196.079147338867,-324.971557617188,-49.9305839538574,-203.007354736328,-324.971557617188
        ,-52.0861473083496,-209.935562133789,-324.971557617188,-56.397274017334,-209.935562133789,-303.971557617188,-34.110538482666
        ,-203.007354736328,-303.971557617188,-31.9549751281738,-196.079147338867,-303.971557617188,-27.6438484191895,-196.079147338867
        ,-303.971557617188,-25.4882850646973,-203.007354736328,-303.971557617188,-27.6438484191895,-209.935562133789,-303.971557617188
        ,-31.9549751281738,-209.935562133789,-324.971557617188,-34.110538482666,-203.007354736328,-324.971557617188,-31.9549732208252
        ,-196.079147338867,-324.971557617188,-27.6438465118408,-196.079147338867,-324.971557617188,-25.4882831573486,-203.007354736328
        ,-324.971557617188,-27.6438465118408,-209.935562133789,-324.971557617188,-31.9549732208252,-209.935562133789,-303.971557617188
        ,-34.1105346679688,-313.519744873047,-303.971557617188,-31.9549732208252,-306.591552734375,-303.971557617188,-27.6438465118408
        ,-306.591552734375,-303.971557617188,-25.4882831573486,-313.519744873047,-303.971557617188,-27.6438465118408,-320.447937011719
        ,-303.971557617188,-31.9549732208252,-320.447937011719,-324.971557617188,-34.1105346679688,-313.519744873047,-324.971557617188
        ,-31.9549713134766,-306.591552734375,-324.971557617188,-27.6438446044922,-306.591552734375,-324.971557617188,-25.48828125
        ,-313.519744873047,-324.971557617188,-27.6438446044922,-320.447937011719,-324.971557617188,-31.9549713134766,-320.447937011719
        ,-303.971557617188,46.6432838439941,-313.519744873047,-303.971557617188,48.7988471984863,-306.591552734375,-303.971557617188
        ,53.1099739074707,-306.591552734375,-303.971557617188,55.2655372619629,-313.519744873047,-303.971557617188,53.1099739074707
        ,-320.447937011719,-303.971557617188,48.7988471984863,-320.447937011719,-324.971557617188,46.6432838439941,-313.519744873047
        ,-324.971557617188,48.7988471984863,-306.591552734375,-324.971557617188,53.109977722168,-306.591552734375,-324.971557617188
